Student report
Total Students: 200High study Hours: [[99.          5.98       37.          6.11        4.8         4.
  34.         92.         43.33333333  7.24637681  1.        ]
 [17.          7.76       70.          7.31        6.49        3.
  44.         60.         35.66666667  4.59621993  0.        ]
 [14.          7.48       23.          5.46        5.9         1.
  48.         91.         46.66666667  6.23885918  1.        ]
 [15.          7.33       59.          2.88        1.84        4.
  45.         52.         33.66666667  4.59299682  1.        ]
 [14.          7.37       23.          7.65        4.88        4.
  31.         73.         36.          4.88466757  1.        ]
 [16.          6.24       56.          3.61        2.58        2.
  40.         90.         44.          7.05128205  1.        ]
 [17.          6.34       53.          5.88        3.11        4.
  34.         47.         28.33333333  4.46898002  1.        ]
 [16.          6.65       22.          1.18        3.43        1.
  35.         93.         43.          6.46616541  1.        ]
 [17.          7.79       39.          6.89        5.98        2.
  45.         56.         34.33333333  4.40735986  1.        ]
 [17.          6.53       25.          6.88        7.73        1.
  34.         68.         34.33333333  5.25778458  1.        ]
 [17.          5.35       75.          1.07        1.57        1.
  37.         48.         28.66666667  5.35825545  0.        ]
 [15.          5.19       26.          1.73        6.01        2.
  39.         57.         32.66666667  6.29415543  1.        ]
 [15.          5.16       61.          1.59        7.7         4.
  47.         62.         37.66666667  7.2997416   1.        ]
 [14.          5.73       44.          7.99        2.07        3.
  36.         66.         35.          6.10820244  1.        ]
 [16.          5.13       56.          5.84        4.26        4.
  30.         97.         43.66666667  8.51202079  1.        ]
 [16.          6.97       24.          4.43        7.55        2.
  35.         93.         43.33333333  6.21712099  1.        ]
 [15.          6.69       51.          7.16        7.19        2.
  34.         74.         36.66666667  5.48081714  1.        ]
 [17.          7.44       26.          5.1         3.1         2.
  43.         79.         41.33333333  5.55555556  1.        ]
 [15.          7.95       45.          1.9         7.9         1.
  35.         86.         40.66666667  5.11530398  1.        ]
 [15.          6.14       67.          7.82        3.04        4.
  38.         75.         39.          6.35179153  1.        ]
 [16.          6.73       49.          1.32        7.04        1.
  40.         60.         33.66666667  5.00247647  1.        ]
 [14.          5.95       78.          2.18        3.94        1.
  41.         57.         33.          5.54621849  0.        ]
 [16.          5.83       30.          5.25        4.52        2.
  36.         81.         39.66666667  6.80388794  1.        ]
 [17.          5.24       22.          7.87        2.05        3.
  36.         63.         34.          6.48854962  1.        ]
 [16.          7.02       78.          2.83        3.24        2.
  39.         70.         37.          5.27065527  0.        ]
 [15.          5.63       76.          3.01        6.44        4.
  36.         51.         30.33333333  5.38780343  0.        ]
 [15.          5.45       29.          1.91        5.19        2.
  34.         88.         41.33333333  7.58409786  1.        ]
 [17.          7.85       70.          4.61        5.57        3.
  36.         52.         30.33333333  3.8641189   0.        ]
 [15.          7.25       33.          1.64        7.05        4.
  42.         62.         36.          4.96551724  1.        ]
 [15.          6.45       23.          7.69        3.02        2.
  33.         80.         38.33333333  5.94315245  1.        ]
 [16.          6.28       38.          3.47        6.48        2.
  45.         62.         36.33333333  5.78556263  1.        ]
 [16.          6.62       41.          6.03        5.03        4.
  45.         58.         35.66666667  5.387714    1.        ]
 [16.          7.26       58.          5.41        4.69        3.
  39.         61.         34.33333333  4.72910927  1.        ]
 [15.          6.56       71.          7.72        5.8         2.
  44.         98.         48.          7.31707317  0.        ]
 [17.          6.16       39.          3.58        2.19        3.
  33.         56.         30.66666667  4.97835498  1.        ]
 [14.          6.18       34.          5.78        6.79        2.
  49.         90.         47.          7.60517799  1.        ]
 [15.          6.37       30.          7.73        3.03        4.
  43.         89.         45.33333333  7.11669283  1.        ]
 [15.          5.74       54.          6.32        2.56        4.
  37.         89.         43.33333333  7.54936121  1.        ]
 [14.          7.39       67.          5.7         5.08        4.
  45.         78.         42.33333333  5.72846189  1.        ]
 [14.          6.12       66.          7.59        2.32        1.
  41.         66.         36.          5.88235294  1.        ]
 [15.          5.95       32.          3.98        2.87        4.
  38.         72.         38.          6.38655462  1.        ]
 [14.          5.04       77.          3.4         4.08        3.
  45.         76.         41.33333333  8.2010582   0.        ]
 [15.          6.65       55.          1.06        7.22        3.
  32.         45.         26.66666667  4.01002506  1.        ]
 [16.          7.19       70.          6.71        4.41        2.
  48.         69.         39.66666667  5.51692165  0.        ]
 [16.          7.9        50.          2.16        2.          4.
  34.         62.         33.33333333  4.21940928  1.        ]
 [15.          6.76       72.          3.57        5.96        3.
  33.         87.         41.          6.06508876  0.        ]
 [15.          5.82       56.          3.16        4.83        2.
  40.         81.         41.          7.04467354  1.        ]
 [14.          5.32       54.          6.09        6.04        4.
  44.         67.         38.33333333  7.20551378  1.        ]
 [15.          7.36       79.          5.61        5.19        2.
  42.         78.         40.66666667  5.52536232  0.        ]
 [14.          7.96       68.          6.8         1.03        3.
  44.         90.         45.66666667  5.73701843  1.        ]
 [16.          5.54       74.          1.95        6.64        4.
  45.         86.         45.          8.12274368  0.        ]
 [14.          6.95       29.          4.78        2.38        2.
  37.         63.         34.          4.89208633  1.        ]
 [15.          5.73       24.          6.23        2.77        3.
  48.         61.         37.33333333  6.51541594  1.        ]
 [17.          6.79       33.          3.14        5.01        2.
  43.         65.         36.66666667  5.40009818  1.        ]
 [17.          6.02       56.          2.4         1.9         4.
  43.         94.         47.          7.80730897  1.        ]
 [17.          6.08       26.          7.63        7.41        4.
  49.         98.         50.33333333  8.27850877  0.        ]
 [17.          6.16       54.          7.28        6.91        3.
  38.         65.         35.33333333  5.73593074  1.        ]
 [14.          6.33       42.          7.62        5.65        2.
  38.         60.         33.33333333  5.26592944  1.        ]
 [15.          5.12       53.          6.71        3.68        1.
  35.         91.         42.33333333  8.26822917  1.        ]
 [17.          5.59       63.          4.06        3.44        4.
  47.         95.         48.66666667  8.70602266  1.        ]
 [14.          6.77       51.          7.07        7.44        4.
  30.         95.         43.          6.35155096  1.        ]
 [14.          6.94       44.          1.68        6.61        4.
  39.         86.         43.          6.19596542  1.        ]
 [17.          6.82       38.          3.18        7.87        3.
  44.         99.         48.66666667  7.13587488  1.        ]
 [17.          5.1        38.          5.53        4.43        2.
  46.         54.         34.          6.66666667  1.        ]
 [14.          6.9        34.          4.82        6.18        3.
  33.         64.         33.33333333  4.83091787  1.        ]
 [16.          5.89       52.          4.95        5.9         1.
  49.         89.         46.33333333  7.86644029  1.        ]
 [15.          5.43       65.          5.07        4.35        3.
  38.         78.         39.66666667  7.30509515  1.        ]
 [15.          5.16       33.          7.5         4.51        1.
  32.         79.         37.33333333  7.23514212  1.        ]
 [17.          5.48       48.          3.68        4.56        2.
  31.         86.         39.66666667  7.23844282  1.        ]
 [17.          7.73       47.          2.63        7.          1.
  36.         79.         38.66666667  5.0021561   1.        ]
 [17.          7.73       42.          3.82        5.73        1.
  35.         96.         44.          5.69210867  1.        ]
 [14.          5.31       28.          3.63        7.37        4.
  43.         76.         41.          7.7212806   1.        ]
 [14.          5.48       29.          2.4         1.69        2.
  37.         94.         44.33333333  8.09002433  1.        ]
 [17.          5.21       31.          6.56        2.92        1.
  31.         49.         27.          5.18234165  1.        ]
 [16.          5.78       46.          3.83        4.5         3.
  47.         73.         41.          7.09342561  1.        ]
 [17.          5.41       63.          1.88        5.83        2.
  35.         85.         40.66666667  7.51694393  1.        ]]Low sleep : [[17.          1.03       64.         ... 30.33333333 29.44983819
   1.        ]
 [15.          2.52       30.         ... 42.         16.66666667
   1.        ]
 [14.          4.23       21.         ... 39.66666667  9.37746257
   1.        ]
 ...
 [15.          4.11       49.         ... 35.          8.51581509
   1.        ]
 [17.          1.4        49.         ... 44.         31.42857143
   1.        ]
 [16.          2.37       28.         ... 42.33333333 17.86216596
   1.        ]]Average phone Use: 4.5508500000000005Average attendance: 49.34